0 -0.00596608
1 0.794376
2 1.28992
3 1.51692
4 1.04589
5 0.0444623
6 -1.31603
7 -2.84578
8 -4.23847
9 -5.18662
10 -5.49227
11 -4.83875
12 -3.27233
13 -1.00413
14 1.6978
15 4.40989
16 6.71944
17 8.25634
18 8.72736
19 8.08997
20 6.37849
21 3.83942
22 0.947736
23 -1.79683
24 -4.10633
25 -5.53073
26 -6.04442
27 -5.66151
28 -4.59462
29 -3.22948
30 -1.9455
31 -1.05935
32 -0.640207
33 -1.04461
34 -1.88754
35 -2.91733
36 -3.83313
37 -4.21773
38 -3.65716
39 -1.89856
40 0.92382
41 4.14446
42 7.72006
43 10.968
44 12.9844
45 13.5801
46 12.4086
47 9.49577
48 5.09475
49 0.00191367
