0 0.0159253
1 0.809813
2 1.32245
3 1.35314
4 1.09181
5 0.103359
6 -1.25621
7 -2.70734
8 -4.08831
9 -5.17952
10 -5.40118
11 -4.71517
12 -3.27919
13 -0.986586
14 1.70444
15 4.40429
16 6.69211
17 8.20378
18 8.66122
19 7.96122
20 6.29236
21 3.82394
22 0.97992
23 -1.72045
24 -4.06758
25 -5.48163
26 -5.89532
27 -5.58098
28 -4.54845
29 -3.18816
30 -1.86549
31 -0.985923
32 -0.625748
33 -1.03806
34 -1.88105
35 -2.9438
36 -3.78752
37 -4.21233
38 -3.64564
39 -1.89679
40 0.916218
41 4.13185
42 7.6833
43 10.9117
44 12.836
45 13.435
46 12.3469
47 9.4285
48 5.00324
49 0.0140485
