0 -0.15834
1 0.410916
2 1.35045
3 1.62948
4 1.03629
5 0.141244
6 -0.724812
7 -2.50719
8 -3.43365
9 -4.24716
10 -4.99039
11 -4.34193
12 -2.6367
13 -0.979685
14 1.33596
15 3.79233
16 6.03507
17 7.64024
18 8.06159
19 7.10355
20 5.49767
21 3.54921
22 0.703478
23 -2.14226
24 -3.30128
25 -4.51795
26 -5.2584
27 -5.10886
28 -4.3257
29 -2.88946
30 -1.54686
31 -0.967287
32 -1.06149
33 -1.20397
34 -1.97206
35 -2.63772
36 -3.45847
37 -3.63154
38 -2.80303
39 -1.75936
40 1.03108
41 3.64775
42 7.03811
43 10.5124
44 11.9464
45 12.3504
46 11.542
47 8.51816
48 4.692
49 -0.230207
