0 -0.133114
1 0.491119
2 1.10916
3 1.22022
4 0.889654
5 0.0523589
6 -0.969269
7 -2.7104
8 -3.98718
9 -4.81512
10 -5.03998
11 -4.43334
12 -2.71247
13 -0.961661
14 1.45971
15 4.10816
16 6.33264
17 7.74817
18 8.08506
19 7.41331
20 5.8472
21 3.76082
22 0.814001
23 -1.66148
24 -3.74329
25 -5.09634
26 -5.7144
27 -5.38494
28 -4.37825
29 -3.03008
30 -1.86987
31 -0.739958
32 -0.741296
33 -1.01906
34 -1.91708
35 -2.8212
36 -3.54179
37 -3.94976
38 -3.53618
39 -1.82078
40 1.10009
41 3.96204
42 7.40868
43 10.8946
44 12.5196
45 13.0588
46 12.0655
47 9.05973
48 5.00073
49 -0.0350957
