0 -0.0969338
1 0.549042
2 1.39131
3 1.54235
4 1.18166
5 0.210724
6 -0.751799
7 -2.59919
8 -3.53183
9 -4.26758
10 -4.77031
11 -4.23498
12 -2.53856
13 -0.877497
14 1.39375
15 3.92895
16 6.01359
17 7.31634
18 7.75382
19 7.32237
20 5.53141
21 3.62791
22 0.832219
23 -1.73086
24 -3.43465
25 -4.62185
26 -5.06975
27 -5.02064
28 -4.40422
29 -2.92107
30 -1.74602
31 -0.71053
32 -0.915815
33 -1.05986
34 -1.94866
35 -2.7626
36 -3.57878
37 -3.55689
38 -3.00599
39 -1.70278
40 1.20028
41 3.95687
42 7.31221
43 10.8021
44 12.2119
45 12.8111
46 11.8685
47 9.04416
48 4.89725
49 -0.141738
