0.1 1.7 100541
0.1 2.25 100548
0.1 2.8 100541
0.2 1.7 100357
0.2 2.25 100364
0.2 2.8 100357
0.3 1.7 100409
0.3 2.25 100416
0.3 2.8 100410
0.4 1.7 100410
0.4 2.25 100417
0.4 2.8 100411
0.5 1.7 100410
0.5 2.25 100417
0.5 2.8 100410
0.6 1.7 100410
0.6 2.25 100417
0.6 2.8 100410
0.7 1.7 100410
0.7 2.25 100417
0.7 2.8 100410
0.8 1.7 100410
0.8 2.25 100417
0.8 2.8 100410
0.9 1.7 100410
0.9 2.25 100417
0.9 2.8 100410
1 1.7 100409
1 2.25 100417
1 2.8 100410
1.1 1.7 100409
1.1 2.25 100417
1.1 2.8 100410
1.2 1.7 100409
1.2 2.25 100417
1.2 2.8 100410
1.3 1.7 100409
1.3 2.25 100417
1.3 2.8 100410
1.4 1.7 100409
1.4 2.25 100417
1.4 2.8 100410
1.5 1.7 100409
1.5 2.25 100416
1.5 2.8 100410
1.6 1.7 100409
1.6 2.25 100416
1.6 2.8 100410
1.7 1.7 100409
1.7 2.25 100416
1.7 2.8 100410
1.8 1.7 100409
1.8 2.25 100416
1.8 2.8 100410
1.9 1.7 100409
1.9 2.25 100416
1.9 2.8 100410
2 1.7 100409
2 2.25 100416
2 2.8 100410
2.1 1.7 100409
2.1 2.25 100416
2.1 2.8 100410
2.2 1.7 100409
2.2 2.25 100416
2.2 2.8 100410
2.3 1.7 100409
2.3 2.25 100416
2.3 2.8 100410
2.4 1.7 100409
2.4 2.25 100416
2.4 2.8 100410
2.5 1.7 100409
2.5 2.25 100416
2.5 2.8 100410
2.6 1.7 100409
2.6 2.25 100416
2.6 2.8 100410
2.7 1.7 100409
2.7 2.25 100416
2.7 2.8 100410
2.8 1.7 100409
2.8 2.25 100416
2.8 2.8 100410
2.9 1.7 100409
2.9 2.25 100416
2.9 2.8 100410
3 1.7 100409
3 2.25 100416
3 2.8 100410
3.1 1.7 100409
3.1 2.25 100416
3.1 2.8 100410
3.2 1.7 100409
3.2 2.25 100416
3.2 2.8 100410
3.3 1.7 100409
3.3 2.25 100416
3.3 2.8 100410
3.4 1.7 100409
3.4 2.25 100416
3.4 2.8 100410
3.5 1.7 100409
3.5 2.25 100416
3.5 2.8 100410
3.6 1.7 100409
3.6 2.25 100416
3.6 2.8 100410
3.7 1.7 100409
3.7 2.25 100416
3.7 2.8 100410
3.8 1.7 100409
3.8 2.25 100416
3.8 2.8 100410
3.9 1.7 100409
3.9 2.25 100416
3.9 2.8 100410
4 1.7 100409
4 2.25 100416
4 2.8 100410
4.1 1.7 100409
4.1 2.25 100416
4.1 2.8 100410
4.2 1.7 100409
4.2 2.25 100416
4.2 2.8 100410
4.3 1.7 100409
4.3 2.25 100416
4.3 2.8 100410
4.4 1.7 100409
4.4 2.25 100416
4.4 2.8 100410
4.5 1.7 100409
4.5 2.25 100416
4.5 2.8 100410
4.6 1.7 100409
4.6 2.25 100416
4.6 2.8 100410
4.7 1.7 100409
4.7 2.25 100416
4.7 2.8 100410
4.8 1.7 100409
4.8 2.25 100416
4.8 2.8 100410
4.9 1.7 100409
4.9 2.25 100416
4.9 2.8 100410
5 1.7 100409
5 2.25 100416
5 2.8 100410
5.1 1.7 100409
5.1 2.25 100416
5.1 2.8 100410
5.2 1.7 100409
5.2 2.25 100416
5.2 2.8 100410
5.3 1.7 100409
5.3 2.25 100416
5.3 2.8 100410
5.4 1.7 100409
5.4 2.25 100416
5.4 2.8 100410
5.5 1.7 100409
5.5 2.25 100416
5.5 2.8 100410
5.6 1.7 100410
5.6 2.25 100417
5.6 2.8 100410
5.60001 1.7 100415
5.60001 2.25 100422
5.60001 2.8 100415
5.60002 1.7 100438
5.60002 2.25 100445
5.60002 2.8 100438
5.60003 1.7 100516
5.60003 2.25 100523
5.60003 2.8 100516
5.60004 1.7 100709
5.60004 2.25 100716
5.60004 2.8 100708
5.60005 1.7 101093
5.60005 2.25 101100
5.60005 2.8 101092
5.60006 1.7 101737
5.60006 2.25 101744
5.60006 2.8 101735
5.60007 1.7 102666
5.60007 2.25 102673
5.60007 2.8 102664
5.60008 1.7 103850
5.60008 2.25 103857
5.60008 2.8 103848
5.60009 1.7 105208
5.60009 2.25 105215
5.60009 2.8 105206
5.6001 1.7 106631
5.6001 2.25 106638
5.6001 2.8 106629
5.60011 1.7 108016
5.60011 2.25 108023
5.60011 2.8 108015
5.60012 1.7 109289
5.60012 2.25 109296
5.60012 2.8 109288
5.60013 1.7 110413
5.60013 2.25 110420
5.60013 2.8 110412
5.60014 1.7 111383
5.60014 2.25 111390
5.60014 2.8 111383
5.60015 1.7 112219
5.60015 2.25 112226
5.60015 2.8 112218
5.60016 1.7 112944
5.60016 2.25 112951
5.60016 2.8 112944
5.60017 1.7 113586
5.60017 2.25 113593
5.60017 2.8 113586
5.60018 1.7 114165
5.60018 2.25 114172
5.60018 2.8 114165
5.60019 1.7 114695
5.60019 2.25 114702
5.60019 2.8 114695
5.6002 1.7 115186
5.6002 2.25 115193
5.6002 2.8 115186
5.60021 1.7 115643
5.60021 2.25 115650
5.60021 2.8 115643
5.60022 1.7 116068
5.60022 2.25 116075
5.60022 2.8 116067
5.60023 1.7 116462
5.60023 2.25 116469
5.60023 2.8 116462
5.60024 1.7 116826
5.60024 2.25 116834
5.60024 2.8 116826
5.60025 1.7 117162
5.60025 2.25 117169
5.60025 2.8 117162
5.60026 1.7 117468
5.60026 2.25 117475
5.60026 2.8 117468
5.60027 1.7 117747
5.60027 2.25 117754
5.60027 2.8 117747
5.60028 1.7 118000
5.60028 2.25 118007
5.60028 2.8 118000
5.60029 1.7 118227
5.60029 2.25 118234
5.60029 2.8 118227
5.6003 1.7 118432
5.6003 2.25 118439
5.6003 2.8 118432
5.60031 1.7 118615
5.60031 2.25 118622
5.60031 2.8 118616
5.60032 1.7 118780
5.60032 2.25 118787
5.60032 2.8 118780
5.60033 1.7 118928
5.60033 2.25 118935
5.60033 2.8 118928
5.60034 1.7 119060
5.60034 2.25 119067
5.60034 2.8 119061
5.60035 1.7 119180
5.60035 2.25 119187
5.60035 2.8 119180
5.60036 1.7 119287
5.60036 2.25 119294
5.60036 2.8 119287
5.60037 1.7 119384
5.60037 2.25 119391
5.60037 2.8 119384
5.60038 1.7 119471
5.60038 2.25 119478
5.60038 2.8 119471
5.60039 1.7 119550
5.60039 2.25 119557
5.60039 2.8 119550
5.6004 1.7 119621
5.6004 2.25 119628
5.6004 2.8 119622
5.60041 1.7 119685
5.60041 2.25 119693
5.60041 2.8 119686
5.60042 1.7 119743
5.60042 2.25 119750
5.60042 2.8 119743
5.60043 1.7 119795
5.60043 2.25 119802
5.60043 2.8 119796
5.60044 1.7 119842
5.60044 2.25 119849
5.60044 2.8 119842
5.60045 1.7 119884
5.60045 2.25 119891
5.60045 2.8 119884
5.60046 1.7 119922
5.60046 2.25 119929
5.60046 2.8 119922
5.60047 1.7 119956
5.60047 2.25 119963
5.60047 2.8 119956
5.60048 1.7 119986
5.60048 2.25 119993
5.60048 2.8 119986
5.60049 1.7 120014
5.60049 2.25 120021
5.60049 2.8 120014
5.6005 1.7 120038
5.6005 2.25 120045
5.6005 2.8 120038
5.60051 1.7 120060
5.60051 2.25 120067
5.60051 2.8 120060
5.60052 1.7 120080
5.60052 2.25 120087
5.60052 2.8 120080
5.60053 1.7 120097
5.60053 2.25 120105
5.60053 2.8 120098
5.60054 1.7 120113
5.60054 2.25 120120
5.60054 2.8 120114
5.60055 1.7 120128
5.60055 2.25 120135
5.60055 2.8 120128
5.60056 1.7 120140
5.60056 2.25 120148
5.60056 2.8 120141
5.60057 1.7 120152
5.60057 2.25 120159
5.60057 2.8 120152
5.60058 1.7 120162
5.60058 2.25 120169
5.60058 2.8 120163
5.60059 1.7 120172
5.60059 2.25 120179
5.60059 2.8 120172
5.6006 1.7 120180
5.6006 2.25 120187
5.6006 2.8 120180
5.60061 1.7 120187
5.60061 2.25 120195
5.60061 2.8 120188
5.60062 1.7 120194
5.60062 2.25 120201
5.60062 2.8 120194
5.60063 1.7 120200
5.60063 2.25 120207
5.60063 2.8 120200
5.60064 1.7 120206
5.60064 2.25 120213
5.60064 2.8 120206
5.60065 1.7 120210
5.60065 2.25 120217
5.60065 2.8 120211
5.60066 1.7 120215
5.60066 2.25 120222
5.60066 2.8 120215
5.60067 1.7 120219
5.60067 2.25 120226
5.60067 2.8 120219
5.60068 1.7 120222
5.60068 2.25 120229
5.60068 2.8 120222
5.60069 1.7 120225
5.60069 2.25 120232
5.60069 2.8 120226
5.6007 1.7 120228
5.6007 2.25 120235
5.6007 2.8 120228
5.60071 1.7 120231
5.60071 2.25 120238
5.60071 2.8 120231
